<?xml version="1.0"?>
<opencv_storage>
<intrinsics_penne type_id="opencv-matrix">
  <rows>5</rows>
  <cols>1</cols>
  <dt>d</dt>
  <data>
    2.0892748842832674e-02 -2.7528848191175778e-04
    -3.3916793827188963e-04 -8.7336860537809825e-04
    -2.0583231024181959e-02</data></intrinsics_penne>
</opencv_storage>
