<?xml version="1.0"?>
<opencv_storage>
<intrinsics_penne type_id="opencv-matrix">
  <rows>5</rows>
  <cols>1</cols>
  <dt>d</dt>
  <data>
    1.0719907487166889e-02 2.2182712289395237e-02
    -2.4982580813983253e-03 -5.3496171876115436e-04
    -3.5040943719899867e-02</data></intrinsics_penne>
</opencv_storage>
