<?xml version="1.0"?>
<opencv_storage>
<intrinsics_penne type_id="opencv-matrix">
  <rows>3</rows>
  <cols>3</cols>
  <dt>d</dt>
  <data>
    1.4545090013417221e+03 0. 1.2250225065585889e+03 0.
    1.4511652070194525e+03 9.5321837237280170e+02 0. 0. 1.</data></intrinsics_penne>
</opencv_storage>
